15
0 20 26 37 15 60 52 90 48 62 44 88 10 93 27 
20 0 88 22 41 53 28 96 62 86 43 63 44 37 99 
26 88 0 79 71 56 39 54 20 14 10 32 29 58 73 
37 22 79 0 17 91 31 69 98 95 57 42 98 29 40 
15 41 71 17 0 77 94 79 65 97 55 64 83 71 14 
60 53 56 91 77 0 41 39 83 88 46 83 91 93 93 
52 28 39 31 94 41 0 72 72 91 51 93 46 84 90 
90 96 54 69 79 39 72 0 35 79 51 83 95 39 79 
48 62 20 98 65 83 72 35 0 38 40 59 53 69 66 
62 86 14 95 97 88 91 79 38 0 91 76 15 65 41 
44 43 10 57 55 46 51 51 40 91 0 86 83 82 58 
88 63 32 42 64 83 93 83 59 76 86 0 24 67 70 
10 44 29 98 83 91 46 95 53 15 83 24 0 69 66 
93 37 58 29 71 93 84 39 69 65 82 67 69 0 41 
27 99 73 40 14 93 90 79 66 41 58 70 66 41 0 
