14
0 93 18 50 42 51 51 71 64 51 62 73 52 35 
93 0 35 84 10 63 30 10 12 12 31 98 65 19 
18 35 0 60 23 73 99 82 24 27 74 97 68 68 
50 84 60 0 94 40 98 87 32 98 40 30 51 22 
42 10 23 94 0 57 24 22 22 86 51 16 40 43 
51 63 73 40 57 0 60 18 84 22 40 84 51 26 
51 30 99 98 24 60 0 77 44 62 77 81 44 93 
71 10 82 87 22 18 77 0 93 73 15 16 73 11 
64 12 24 32 22 84 44 93 0 91 68 74 41 72 
51 12 27 98 86 22 62 73 91 0 41 66 93 71 
62 31 74 40 51 40 77 15 68 41 0 82 68 53 
73 98 97 30 16 84 81 16 74 66 82 0 13 34 
52 65 68 51 40 51 44 73 41 93 68 13 0 33 
35 19 68 22 43 26 93 11 72 71 53 34 33 0 
